              precision    recall  f1-score   support

           !       0.99      0.99      0.99       161
           (       1.00      1.00      1.00       104
           )       0.99      1.00      0.99        98
           +       1.00      0.97      0.98       153
           ,       0.89      0.99      0.94       175
           -       1.00      0.99      1.00       154
           0       0.95      0.96      0.95       269
           1       0.98      0.94      0.96        93
           2       0.98      0.93      0.95        89
           3       0.98      0.91      0.94       337
           4       0.91      0.68      0.78       225
           5       0.81      0.75      0.78       145
           6       0.96      0.93      0.94       117
           7       0.46      0.79      0.58       141
           8       0.95      0.95      0.95       113
           9       0.84      0.82      0.83       114
           =       0.99      0.98      0.98       144
           B       0.94      0.81      0.87       231
       Delta       0.95      1.00      0.97        93
           E       0.88      0.87      0.87        67
           R       0.83      0.70      0.76        84
           a       0.91      0.95      0.93       358
       alpha       0.94      0.97      0.96       243
        beta       0.91      0.93      0.92        55
         cos       1.00      0.97      0.99        37
           d       0.99      0.85      0.91       104
         div       0.98      0.84      0.91       156
           f       1.00      0.62      0.77        48
      forall       0.84      0.96      0.90        28
           g       0.86      0.76      0.81        50
       gamma       0.96      0.96      0.96        93
         geq       0.99      1.00      0.99       147
          gt       1.00      1.00      1.00        53
           h       0.74      0.93      0.83        91
           i       0.67      0.65      0.66       170
          in       0.95      0.95      0.95        20
       infty       0.96      1.00      0.98        23
         int       0.22      0.67      0.33        30
           k       0.76      0.87      0.81       110
         leq       1.00      0.62      0.76        21
         lim       1.00      0.92      0.96        36
         log       0.92      1.00      0.96        45
          lt       0.90      0.99      0.95       113
           m       0.90      0.78      0.84       139
          mu       0.97      0.97      0.97        33
           n       0.84      0.89      0.87       334
         neq       0.99      0.99      0.99       111
           o       0.98      0.90      0.94        93
           p       0.86      0.92      0.89       104
         phi       0.99      0.99      0.99        88
          pi       0.91      0.86      0.88        49
          pm       0.95      0.75      0.84        28
           q       0.80      0.71      0.75        51
           s       0.74      0.67      0.70        42
       sigma       0.98      0.98      0.98        43
         sin       0.90      0.98      0.94        54
        sqrt       0.97      0.98      0.97       185
         sum       1.00      0.92      0.96        48
           t       0.47      0.38      0.42        96
         tan       1.00      0.97      0.98       147
       theta       1.00      0.93      0.96        54
       times       0.95      0.92      0.94       115
           u       0.70      0.70      0.70        53
           v       0.80      0.82      0.81        40
           w       0.93      0.98      0.96       131
           x       0.86      0.92      0.89       100
           y       0.88      0.88      0.88       214
           z       0.91      0.86      0.88       100
           {       1.00      0.95      0.98        83
           }       0.97      0.88      0.92        82

    accuracy                           0.89      7755
   macro avg       0.90      0.88      0.89      7755
weighted avg       0.91      0.89      0.90      7755

