              precision    recall  f1-score   support

           !       0.99      1.00      1.00       156
           (       0.94      0.95      0.94       161
           )       0.90      0.96      0.93       151
           +       0.93      0.87      0.90       157
           ,       0.81      0.77      0.79       157
           -       0.96      0.99      0.98       166
           0       0.86      0.65      0.74       153
           1       0.76      0.77      0.76       175
           2       0.86      0.86      0.86       156
           3       0.92      0.94      0.93       152
           4       0.95      0.93      0.94       158
           5       0.90      0.84      0.87       155
           6       0.95      0.97      0.96       156
           7       0.97      0.96      0.96       163
           8       0.99      0.94      0.96       157
           9       0.76      0.82      0.79       153
           =       0.96      0.97      0.96       155
           A       0.93      0.91      0.92       169
           C       0.95      0.98      0.97       171
       Delta       0.98      1.00      0.99       172
           G       0.85      0.76      0.80       169
           H       0.96      0.91      0.94       152
           M       0.88      0.95      0.91       151
           N       0.91      0.83      0.87       150
           R       0.92      0.82      0.87       163
           S       0.83      0.95      0.89       172
           T       0.87      0.89      0.88       160
           X       0.87      0.72      0.79       171
       alpha       0.96      0.92      0.94       156
           b       0.94      0.89      0.92       157
        beta       0.95      0.99      0.97       164
         cos       0.96      1.00      0.98       136
           d       0.95      0.93      0.94       163
         div       0.99      0.97      0.98       177
           e       0.93      0.94      0.93       157
           f       0.94      0.91      0.92       160
      forall       0.98      0.99      0.99       171
       gamma       0.94      1.00      0.97       166
         geq       0.98      1.00      0.99       143
          gt       0.99      0.99      0.99       158
           i       0.98      0.92      0.95       137
          in       0.98      1.00      0.99       160
       infty       0.99      0.96      0.97       167
         int       0.98      0.96      0.97       145
           j       0.95      0.98      0.96       162
           k       0.94      0.94      0.94       158
           l       0.90      0.88      0.89       173
      lambda       0.99      0.99      0.99       172
         leq       0.99      1.00      1.00       169
         lim       0.99      0.99      0.99       153
         log       0.98      1.00      0.99       168
          lt       0.98      0.99      0.99       178
          mu       0.92      1.00      0.96       154
         neq       0.99      1.00      1.00       149
           o       0.77      0.95      0.85       172
           p       0.94      0.97      0.96       160
         phi       1.00      1.00      1.00       176
          pi       0.95      0.98      0.96       152
          pm       1.00      0.99      0.99       163
           q       0.87      0.88      0.87       155
       sigma       0.97      0.99      0.98       157
         sin       0.99      0.99      0.99       156
        sqrt       0.99      0.97      0.98       154
         sum       0.96      0.97      0.97       163
         tan       0.98      1.00      0.99       149
       theta       0.97      0.98      0.98       175
       times       0.77      0.93      0.84       149
           u       0.94      0.93      0.94       178
           v       0.97      0.93      0.95       183
           w       0.97      0.98      0.98       163
           y       0.92      0.83      0.87       159
           z       0.80      0.78      0.79       139
           {       0.99      0.98      0.98       147
           }       0.97      0.99      0.98       156

    accuracy                           0.93     11840
   macro avg       0.93      0.93      0.93     11840
weighted avg       0.93      0.93      0.93     11840

